01011100000000010000000000000000
00000000000000000000000000000000
00000000000000000000000000000000
00000000000000000000000000000000
01011100000000100000000000000100
00000000000000000000000000000000
00000000000000000000000000000000
00000000000000000000000000000000
01011100001000110000000000000000
00000000000000000000000000000000
00000000000000000000000000000000
00000000000000000000000000000000
00000000000000000010000000000000
00000000000000000000000000000000
00000000000000000000000000000000
00000000000000000000000000000000
00010000010000000000000111111111
00000000000000000000000000000000
00000000000000000000000000000000
00000000000000000000000000000000
00000000000001000010100010001000
00000000000000000000000000000000
00000000000000000000000000000000
00000000000000000000000000000000
00000000101000010010100000000000
00000000000000000000000000000000
00000000000000000000000000000000
00000000000000000000000000000000
01011100101001100000000000000000
00000000000000000000000000000000
00000000000000000000000000000000
00000000000000000000000000000000
00000000011001100011100000000101
00000000000000000000000000000000
00000000000000000000000000000000
00000000000000000000000000000000
00010000111000000000000000000100
00000000000000000000000000000000
00000000000000000000000000000000
00000000000000000000000000000000
00000000000001100001100000000000
00000000000000000000000000000000
00000000000000000000000000000000
00000000000000000000000000000000
00100000100001000000000000000001
00000000000000000000000000000000
00000000000000000000000000000000
00000000000000000000000000000000 
00000000010010000001000000000001
00000000000000000000000000000000
00000000000000000000000000000000
00000000000000000000000000000000
00001000000000000000000000001110
00000000000000000000000000000000
00000000000000000000000000000000
00000000000000000000000000000000